1;120000000000000000.0000
2;120000000000000000.0000
3;120000000000000000.0000
4;120000000000000000.0000
5;120000000000000000.0000
6;120000000000000000.0000
7;120000000000000000.0000
8;120000000000000000.0000
9;120000000000000000.0000
10;120000000000000000.0000
11;120000000000000000.0000
12;120000000000000000.0000
13;120000000000000000.0000
14;120000000000000000.0000
15;120000000000000000.0000
16;120000000000000000.0000
17;120000000000000000.0000
18;120000000000000000.0000
19;120000000000000000.0000
20;120000000000000000.0000
21;120000000000000000.0000
22;120000000000000000.0000
23;120000000000000000.0000
24;120000000000000000.0000
25;120000000000000000.0000
26;120000000000000000.0000
27;120000000000000000.0000
28;120000000000000000.0000
29;120000000000000000.0000
30;120000000000000000.0000
31;120000000000000000.0000
32;120000000000000000.0000
33;120000000000000000.0000
34;120000000000000000.0000
35;120000000000000000.0000
36;120000000000000000.0000
37;120000000000000000.0000
38;120000000000000000.0000
39;120000000000000000.0000
40;120000000000000000.0000
41;120000000000000000.0000
42;120000000000000000.0000
43;120000000000000000.0000
44;120000000000000000.0000
45;120000000000000000.0000
46;120000000000000000.0000
47;120000000000000000.0000
48;120000000000000000.0000
49;120000000000000000.0000
50;120000000000000000.0000
51;120000000000000000.0000
52;120000000000000000.0000
53;132000000000000000.0000
54;132000000000000000.0000
55;132000000000000000.0000
56;132000000000000000.0000
57;132000000000000000.0000
58;132000000000000000.0000
59;132000000000000000.0000
60;132000000000000000.0000
61;132000000000000000.0000
62;132000000000000000.0000
63;132000000000000000.0000
64;132000000000000000.0000
65;132000000000000000.0000
66;132000000000000000.0000
67;132000000000000000.0000
68;132000000000000000.0000
69;132000000000000000.0000
70;132000000000000000.0000
71;132000000000000000.0000
72;132000000000000000.0000
73;132000000000000000.0000
74;132000000000000000.0000
75;132000000000000000.0000
76;132000000000000000.0000
77;132000000000000000.0000
78;132000000000000000.0000
79;132000000000000000.0000
80;132000000000000000.0000
81;132000000000000000.0000
82;132000000000000000.0000
83;132000000000000000.0000
84;132000000000000000.0000
85;132000000000000000.0000
86;132000000000000000.0000
87;132000000000000000.0000
88;132000000000000000.0000
89;132000000000000000.0000
90;132000000000000000.0000
91;132000000000000000.0000
92;132000000000000000.0000
93;132000000000000000.0000
94;132000000000000000.0000
95;132000000000000000.0000
96;132000000000000000.0000
97;132000000000000000.0000
98;132000000000000000.0000
99;132000000000000000.0000
100;132000000000000000.0000
101;132000000000000000.0000
102;132000000000000000.0000
103;145200000000000000.0000
104;145200000000000000.0000
105;145200000000000000.0000
106;145200000000000000.0000
107;145200000000000000.0000
108;145200000000000000.0000
109;145200000000000000.0000
110;145200000000000000.0000
111;145200000000000000.0000
112;145200000000000000.0000
113;145200000000000000.0000
114;145200000000000000.0000
115;145200000000000000.0000
116;145200000000000000.0000
117;145200000000000000.0000
118;145200000000000000.0000
119;145200000000000000.0000
120;145200000000000000.0000
121;145200000000000000.0000
122;145200000000000000.0000
123;145200000000000000.0000
124;145200000000000000.0000
125;145200000000000000.0000
126;145200000000000000.0000
127;145200000000000000.0000
128;145200000000000000.0000
129;145200000000000000.0000
130;145200000000000000.0000
131;145200000000000000.0000
132;145200000000000000.0000
133;145200000000000000.0000
134;145200000000000000.0000
135;145200000000000000.0000
136;145200000000000000.0000
137;145200000000000000.0000
138;145200000000000000.0000
139;145200000000000000.0000
140;145200000000000000.0000
141;145200000000000000.0000
142;145200000000000000.0000
143;145200000000000000.0000
144;145200000000000000.0000
145;145200000000000000.0000
146;145200000000000000.0000
147;145200000000000000.0000
148;145200000000000000.0000
149;145200000000000000.0000
150;145200000000000000.0000
151;145200000000000000.0000
152;145200000000000000.0000
153;159720000000000000.0000
154;159720000000000000.0000
155;159720000000000000.0000
156;159720000000000000.0000
157;159720000000000000.0000
158;159720000000000000.0000
159;159720000000000000.0000
160;159720000000000000.0000
161;159720000000000000.0000
162;159720000000000000.0000
163;159720000000000000.0000
164;159720000000000000.0000
165;159720000000000000.0000
166;159720000000000000.0000
167;159720000000000000.0000
168;159720000000000000.0000
169;159720000000000000.0000
170;159720000000000000.0000
171;159720000000000000.0000
172;159720000000000000.0000
173;159720000000000000.0000
174;159720000000000000.0000
175;159720000000000000.0000
176;159720000000000000.0000
177;159720000000000000.0000
178;159720000000000000.0000
179;159720000000000000.0000
180;159720000000000000.0000
181;159720000000000000.0000
182;159720000000000000.0000
183;159720000000000000.0000
184;159720000000000000.0000
185;159720000000000000.0000
186;159720000000000000.0000
187;159720000000000000.0000
188;159720000000000000.0000
189;159720000000000000.0000
190;159720000000000000.0000
191;159720000000000000.0000
192;159720000000000000.0000
193;159720000000000000.0000
194;159720000000000000.0000
195;159720000000000000.0000
196;159720000000000000.0000
197;159720000000000000.0000
198;159720000000000000.0000
199;159720000000000000.0000
200;159720000000000000.0000
201;159720000000000000.0000
202;175692000000000000.0000
203;175692000000000000.0000
204;175692000000000000.0000
205;175692000000000000.0000
206;175692000000000000.0000
207;175692000000000000.0000
208;175692000000000000.0000
209;175692000000000000.0000
210;175692000000000000.0000
211;175692000000000000.0000
212;175692000000000000.0000
213;175692000000000000.0000
214;175692000000000000.0000
215;175692000000000000.0000
216;175692000000000000.0000
217;175692000000000000.0000
218;175692000000000000.0000
219;175692000000000000.0000
220;175692000000000000.0000
221;175692000000000000.0000
222;175692000000000000.0000
223;175692000000000000.0000
224;175692000000000000.0000
225;175692000000000000.0000
226;175692000000000000.0000
227;175692000000000000.0000
228;175692000000000000.0000
229;175692000000000000.0000
230;175692000000000000.0000
231;175692000000000000.0000
232;175692000000000000.0000
233;175692000000000000.0000
234;175692000000000000.0000
235;175692000000000000.0000
236;175692000000000000.0000
237;175692000000000000.0000
238;175692000000000000.0000
239;175692000000000000.0000
240;175692000000000000.0000
241;175692000000000000.0000
242;175692000000000000.0000
243;175692000000000000.0000
244;175692000000000000.0000
245;175692000000000000.0000
246;175692000000000000.0000
247;175692000000000000.0000
248;175692000000000000.0000
249;175692000000000000.0000
250;175692000000000000.0000
251;193261200000000000.0000
252;193261200000000000.0000
253;193261200000000000.0000
254;193261200000000000.0000
255;193261200000000000.0000
256;193261200000000000.0000
257;193261200000000000.0000
258;193261200000000000.0000
259;193261200000000000.0000
260;193261200000000000.0000
261;193261200000000000.0000
262;193261200000000000.0000
263;193261200000000000.0000
264;193261200000000000.0000
265;193261200000000000.0000
266;193261200000000000.0000
267;193261200000000000.0000
268;193261200000000000.0000
269;193261200000000000.0000
270;193261200000000000.0000
271;193261200000000000.0000
272;193261200000000000.0000
273;193261200000000000.0000
274;193261200000000000.0000
275;193261200000000000.0000
276;193261200000000000.0000
277;193261200000000000.0000
278;193261200000000000.0000
279;193261200000000000.0000
280;193261200000000000.0000
281;193261200000000000.0000
282;193261200000000000.0000
283;193261200000000000.0000
284;193261200000000000.0000
285;193261200000000000.0000
286;193261200000000000.0000
287;193261200000000000.0000
288;193261200000000000.0000
289;193261200000000000.0000
290;193261200000000000.0000
291;193261200000000000.0000
292;193261200000000000.0000
293;193261200000000000.0000
294;193261200000000000.0000
295;193261200000000000.0000
296;193261200000000000.0000
297;193261200000000000.0000
298;193261200000000000.0000
299;212587320000000000.0000
300;212587320000000000.0000
301;212587320000000000.0000
302;212587320000000000.0000
303;212587320000000000.0000
304;212587320000000000.0000
305;212587320000000000.0000
306;212587320000000000.0000
307;212587320000000000.0000
308;212587320000000000.0000
309;212587320000000000.0000
310;212587320000000000.0000
311;212587320000000000.0000
312;212587320000000000.0000
313;212587320000000000.0000
314;212587320000000000.0000
315;212587320000000000.0000
316;212587320000000000.0000
317;212587320000000000.0000
318;212587320000000000.0000
319;212587320000000000.0000
320;212587320000000000.0000
321;212587320000000000.0000
322;212587320000000000.0000
323;212587320000000000.0000
324;212587320000000000.0000
325;212587320000000000.0000
326;212587320000000000.0000
327;212587320000000000.0000
328;212587320000000000.0000
329;212587320000000000.0000
330;212587320000000000.0000
331;212587320000000000.0000
332;212587320000000000.0000
333;212587320000000000.0000
334;212587320000000000.0000
335;212587320000000000.0000
336;212587320000000000.0000
337;212587320000000000.0000
338;212587320000000000.0000
339;212587320000000000.0000
340;212587320000000000.0000
341;212587320000000000.0000
342;212587320000000000.0000
343;212587320000000000.0000
344;212587320000000000.0000
345;212587320000000000.0000
346;212587320000000000.0000
347;233846052000000000.0000
348;233846052000000000.0000
349;233846052000000000.0000
350;233846052000000000.0000
351;233846052000000000.0000
352;233846052000000000.0000
353;233846052000000000.0000
354;233846052000000000.0000
355;233846052000000000.0000
356;233846052000000000.0000
357;233846052000000000.0000
358;233846052000000000.0000
359;233846052000000000.0000
360;233846052000000000.0000
361;233846052000000000.0000
362;233846052000000000.0000
363;233846052000000000.0000
364;233846052000000000.0000
365;233846052000000000.0000
366;233846052000000000.0000
367;233846052000000000.0000
368;233846052000000000.0000
369;233846052000000000.0000
370;233846052000000000.0000
371;233846052000000000.0000
372;233846052000000000.0000
373;233846052000000000.0000
374;233846052000000000.0000
375;233846052000000000.0000
376;233846052000000000.0000
377;233846052000000000.0000
378;233846052000000000.0000
379;233846052000000000.0000
380;233846052000000000.0000
381;233846052000000000.0000
382;233846052000000000.0000
383;233846052000000000.0000
384;233846052000000000.0000
385;233846052000000000.0000
386;233846052000000000.0000
387;233846052000000000.0000
388;233846052000000000.0000
389;233846052000000000.0000
390;233846052000000000.0000
391;233846052000000000.0000
392;233846052000000000.0000
393;233846052000000000.0000
394;257230657200000000.0000
395;257230657200000000.0000
396;257230657200000000.0000
397;257230657200000000.0000
398;257230657200000000.0000
399;257230657200000000.0000
400;257230657200000000.0000
401;257230657200000000.0000
402;257230657200000000.0000
403;257230657200000000.0000
404;257230657200000000.0000
405;257230657200000000.0000
406;257230657200000000.0000
407;257230657200000000.0000
408;257230657200000000.0000
409;257230657200000000.0000
410;257230657200000000.0000
411;257230657200000000.0000
412;257230657200000000.0000
413;257230657200000000.0000
414;257230657200000000.0000
415;257230657200000000.0000
416;257230657200000000.0000
417;257230657200000000.0000
418;257230657200000000.0000
419;257230657200000000.0000
420;257230657200000000.0000
421;257230657200000000.0000
422;257230657200000000.0000
423;257230657200000000.0000
424;257230657200000000.0000
425;257230657200000000.0000
426;257230657200000000.0000
427;257230657200000000.0000
428;257230657200000000.0000
429;257230657200000000.0000
430;257230657200000000.0000
431;257230657200000000.0000
432;257230657200000000.0000
433;257230657200000000.0000
434;257230657200000000.0000
435;257230657200000000.0000
436;257230657200000000.0000
437;257230657200000000.0000
438;257230657200000000.0000
439;257230657200000000.0000
440;257230657200000000.0000
441;282953722920000000.0000
442;282953722920000000.0000
443;282953722920000000.0000
444;282953722920000000.0000
445;282953722920000000.0000
446;282953722920000000.0000
447;282953722920000000.0000
448;282953722920000000.0000
449;282953722920000000.0000
450;282953722920000000.0000
451;282953722920000000.0000
452;282953722920000000.0000
453;282953722920000000.0000
454;282953722920000000.0000
455;282953722920000000.0000
456;282953722920000000.0000
457;282953722920000000.0000
458;282953722920000000.0000
459;282953722920000000.0000
460;282953722920000000.0000
461;282953722920000000.0000
462;282953722920000000.0000
463;282953722920000000.0000
464;282953722920000000.0000
465;282953722920000000.0000
466;282953722920000000.0000
467;282953722920000000.0000
468;282953722920000000.0000
469;282953722920000000.0000
470;282953722920000000.0000
471;282953722920000000.0000
472;282953722920000000.0000
473;282953722920000000.0000
474;282953722920000000.0000
475;282953722920000000.0000
476;282953722920000000.0000
477;282953722920000000.0000
478;282953722920000000.0000
479;282953722920000000.0000
480;282953722920000000.0000
481;282953722920000000.0000
482;282953722920000000.0000
483;282953722920000000.0000
484;282953722920000000.0000
485;282953722920000000.0000
486;282953722920000000.0000
487;311249095212000000.0000
488;311249095212000000.0000
489;311249095212000000.0000
490;311249095212000000.0000
491;311249095212000000.0000
492;311249095212000000.0000
493;311249095212000000.0000
494;311249095212000000.0000
495;311249095212000000.0000
496;311249095212000000.0000
497;311249095212000000.0000
498;311249095212000000.0000
499;311249095212000000.0000
500;311249095212000000.0000
501;311249095212000000.0000
502;311249095212000000.0000
503;311249095212000000.0000
504;311249095212000000.0000
505;311249095212000000.0000
506;311249095212000000.0000
507;311249095212000000.0000
508;311249095212000000.0000
509;311249095212000000.0000
510;311249095212000000.0000
511;311249095212000000.0000
512;311249095212000000.0000
513;311249095212000000.0000
514;311249095212000000.0000
515;311249095212000000.0000
516;311249095212000000.0000
517;311249095212000000.0000
518;311249095212000000.0000
519;311249095212000000.0000
520;311249095212000000.0000
521;311249095212000000.0000
522;311249095212000000.0000
523;311249095212000000.0000
524;311249095212000000.0000
525;311249095212000000.0000
526;311249095212000000.0000
527;311249095212000000.0000
528;311249095212000000.0000
529;311249095212000000.0000
530;311249095212000000.0000
531;311249095212000000.0000
532;311249095212000000.0000
533;342374004733200000.0000
534;342374004733200000.0000
535;342374004733200000.0000
536;342374004733200000.0000
537;342374004733200000.0000
538;342374004733200000.0000
539;342374004733200000.0000
540;342374004733200000.0000
541;342374004733200000.0000
542;342374004733200000.0000
543;342374004733200000.0000
544;342374004733200000.0000
545;342374004733200000.0000
546;342374004733200000.0000
547;342374004733200000.0000
548;342374004733200000.0000
549;342374004733200000.0000
550;342374004733200000.0000
551;342374004733200000.0000
552;342374004733200000.0000
553;342374004733200000.0000
554;342374004733200000.0000
555;342374004733200000.0000
556;342374004733200000.0000
557;342374004733200000.0000
558;342374004733200000.0000
559;342374004733200000.0000
560;342374004733200000.0000
561;342374004733200000.0000
562;342374004733200000.0000
563;342374004733200000.0000
564;342374004733200000.0000
565;342374004733200000.0000
566;342374004733200000.0000
567;342374004733200000.0000
568;342374004733200000.0000
569;342374004733200000.0000
570;342374004733200000.0000
571;342374004733200000.0000
572;342374004733200000.0000
573;342374004733200000.0000
574;342374004733200000.0000
575;342374004733200000.0000
576;342374004733200000.0000
577;342374004733200000.0000
578;376611405206520000.0000
579;376611405206520000.0000
580;376611405206520000.0000
581;376611405206520000.0000
582;376611405206520000.0000
583;376611405206520000.0000
584;376611405206520000.0000
585;376611405206520000.0000
586;376611405206520000.0000
587;376611405206520000.0000
588;376611405206520000.0000
589;376611405206520000.0000
590;376611405206520000.0000
591;376611405206520000.0000
592;376611405206520000.0000
593;376611405206520000.0000
594;376611405206520000.0000
595;376611405206520000.0000
596;376611405206520000.0000
597;376611405206520000.0000
598;376611405206520000.0000
599;376611405206520000.0000
600;376611405206520000.0000
601;376611405206520000.0000
602;376611405206520000.0000
603;376611405206520000.0000
604;376611405206520000.0000
605;376611405206520000.0000
606;376611405206520000.0000
607;376611405206520000.0000
608;376611405206520000.0000
609;376611405206520000.0000
610;376611405206520000.0000
611;376611405206520000.0000
612;376611405206520000.0000
613;376611405206520000.0000
614;376611405206520000.0000
615;376611405206520000.0000
616;376611405206520000.0000
617;376611405206520000.0000
618;376611405206520000.0000
619;376611405206520000.0000
620;376611405206520000.0000
621;376611405206520000.0000
622;376611405206520000.0000
623;414272545727171968.0000
624;414272545727171968.0000
625;414272545727171968.0000
626;414272545727171968.0000
627;414272545727171968.0000
628;414272545727171968.0000
629;414272545727171968.0000
630;414272545727171968.0000
631;414272545727171968.0000
632;414272545727171968.0000
633;414272545727171968.0000
634;414272545727171968.0000
635;414272545727171968.0000
636;414272545727171968.0000
637;414272545727171968.0000
638;414272545727171968.0000
639;414272545727171968.0000
640;414272545727171968.0000
641;414272545727171968.0000
642;414272545727171968.0000
643;414272545727171968.0000
644;414272545727171968.0000
645;414272545727171968.0000
646;414272545727171968.0000
647;414272545727171968.0000
648;414272545727171968.0000
649;414272545727171968.0000
650;414272545727171968.0000
651;414272545727171968.0000
652;414272545727171968.0000
653;414272545727171968.0000
654;414272545727171968.0000
655;414272545727171968.0000
656;414272545727171968.0000
657;414272545727171968.0000
658;414272545727171968.0000
659;414272545727171968.0000
660;414272545727171968.0000
661;414272545727171968.0000
662;414272545727171968.0000
663;414272545727171968.0000
664;414272545727171968.0000
665;414272545727171968.0000
666;414272545727171968.0000
667;455699800299889152.0000
668;455699800299889152.0000
669;455699800299889152.0000
670;455699800299889152.0000
671;455699800299889152.0000
672;455699800299889152.0000
673;455699800299889152.0000
674;455699800299889152.0000
675;455699800299889152.0000
676;455699800299889152.0000
677;455699800299889152.0000
678;455699800299889152.0000
679;455699800299889152.0000
680;455699800299889152.0000
681;455699800299889152.0000
682;455699800299889152.0000
683;455699800299889152.0000
684;455699800299889152.0000
685;455699800299889152.0000
686;455699800299889152.0000
687;455699800299889152.0000
688;455699800299889152.0000
689;455699800299889152.0000
690;455699800299889152.0000
691;455699800299889152.0000
692;455699800299889152.0000
693;455699800299889152.0000
694;455699800299889152.0000
695;455699800299889152.0000
696;455699800299889152.0000
697;455699800299889152.0000
698;455699800299889152.0000
699;455699800299889152.0000
700;455699800299889152.0000
701;455699800299889152.0000
702;455699800299889152.0000
703;455699800299889152.0000
704;455699800299889152.0000
705;455699800299889152.0000
706;455699800299889152.0000
707;455699800299889152.0000
708;455699800299889152.0000
709;455699800299889152.0000
710;455699800299889152.0000
711;501269780329878080.0000
712;501269780329878080.0000
713;501269780329878080.0000
714;501269780329878080.0000
715;501269780329878080.0000
716;501269780329878080.0000
717;501269780329878080.0000
718;501269780329878080.0000
719;501269780329878080.0000
720;501269780329878080.0000
721;501269780329878080.0000
722;501269780329878080.0000
723;501269780329878080.0000
724;501269780329878080.0000
725;501269780329878080.0000
726;501269780329878080.0000
727;501269780329878080.0000
728;501269780329878080.0000
729;501269780329878080.0000
730;501269780329878080.0000
731;501269780329878080.0000
732;501269780329878080.0000
733;501269780329878080.0000
734;501269780329878080.0000
735;501269780329878080.0000
736;501269780329878080.0000
737;501269780329878080.0000
738;501269780329878080.0000
739;501269780329878080.0000
740;501269780329878080.0000
741;501269780329878080.0000
742;501269780329878080.0000
743;501269780329878080.0000
744;501269780329878080.0000
745;501269780329878080.0000
746;501269780329878080.0000
747;501269780329878080.0000
748;501269780329878080.0000
749;501269780329878080.0000
750;501269780329878080.0000
751;501269780329878080.0000
752;501269780329878080.0000
753;501269780329878080.0000
754;501269780329878080.0000
755;551396758362865920.0000
756;551396758362865920.0000
757;551396758362865920.0000
758;551396758362865920.0000
759;551396758362865920.0000
760;551396758362865920.0000
761;551396758362865920.0000
762;551396758362865920.0000
763;551396758362865920.0000
764;551396758362865920.0000
765;551396758362865920.0000
766;551396758362865920.0000
767;551396758362865920.0000
768;551396758362865920.0000
769;551396758362865920.0000
770;551396758362865920.0000
771;551396758362865920.0000
772;551396758362865920.0000
773;551396758362865920.0000
774;551396758362865920.0000
775;551396758362865920.0000
776;551396758362865920.0000
777;551396758362865920.0000
778;551396758362865920.0000
779;551396758362865920.0000
780;551396758362865920.0000
781;551396758362865920.0000
782;551396758362865920.0000
783;551396758362865920.0000
784;551396758362865920.0000
785;551396758362865920.0000
786;551396758362865920.0000
787;551396758362865920.0000
788;551396758362865920.0000
789;551396758362865920.0000
790;551396758362865920.0000
791;551396758362865920.0000
792;551396758362865920.0000
793;551396758362865920.0000
794;551396758362865920.0000
795;551396758362865920.0000
796;551396758362865920.0000
797;551396758362865920.0000
798;606536434199152512.0000
799;606536434199152512.0000
800;606536434199152512.0000
801;606536434199152512.0000
802;606536434199152512.0000
803;606536434199152512.0000
804;606536434199152512.0000
805;606536434199152512.0000
806;606536434199152512.0000
807;606536434199152512.0000
808;606536434199152512.0000
809;606536434199152512.0000
810;606536434199152512.0000
811;606536434199152512.0000
812;606536434199152512.0000
813;606536434199152512.0000
814;606536434199152512.0000
815;606536434199152512.0000
816;606536434199152512.0000
817;606536434199152512.0000
818;606536434199152512.0000
819;606536434199152512.0000
820;606536434199152512.0000
821;606536434199152512.0000
822;606536434199152512.0000
823;606536434199152512.0000
824;606536434199152512.0000
825;606536434199152512.0000
826;606536434199152512.0000
827;606536434199152512.0000
828;606536434199152512.0000
829;606536434199152512.0000
830;606536434199152512.0000
831;606536434199152512.0000
832;606536434199152512.0000
833;606536434199152512.0000
834;606536434199152512.0000
835;606536434199152512.0000
836;606536434199152512.0000
837;606536434199152512.0000
838;606536434199152512.0000
839;606536434199152512.0000
840;606536434199152512.0000
841;667190077619067776.0000
842;667190077619067776.0000
843;667190077619067776.0000
844;667190077619067776.0000
845;667190077619067776.0000
846;667190077619067776.0000
847;667190077619067776.0000
848;667190077619067776.0000
849;667190077619067776.0000
850;667190077619067776.0000
851;667190077619067776.0000
852;667190077619067776.0000
853;667190077619067776.0000
854;667190077619067776.0000
855;667190077619067776.0000
856;667190077619067776.0000
857;667190077619067776.0000
858;667190077619067776.0000
859;667190077619067776.0000
860;667190077619067776.0000
861;667190077619067776.0000
862;667190077619067776.0000
863;667190077619067776.0000
864;667190077619067776.0000
865;667190077619067776.0000
866;667190077619067776.0000
867;667190077619067776.0000
868;667190077619067776.0000
869;667190077619067776.0000
870;667190077619067776.0000
871;667190077619067776.0000
872;667190077619067776.0000
873;667190077619067776.0000
874;667190077619067776.0000
875;667190077619067776.0000
876;667190077619067776.0000
877;667190077619067776.0000
878;667190077619067776.0000
879;667190077619067776.0000
880;667190077619067776.0000
881;667190077619067776.0000
882;667190077619067776.0000
883;733909085380974464.0000
884;733909085380974464.0000
885;733909085380974464.0000
886;733909085380974464.0000
887;733909085380974464.0000
888;733909085380974464.0000
889;733909085380974464.0000
890;733909085380974464.0000
891;733909085380974464.0000
892;733909085380974464.0000
893;733909085380974464.0000
894;733909085380974464.0000
895;733909085380974464.0000
896;733909085380974464.0000
897;733909085380974464.0000
898;733909085380974464.0000
899;733909085380974464.0000
900;733909085380974464.0000
901;733909085380974464.0000
902;733909085380974464.0000
903;733909085380974464.0000
904;733909085380974464.0000
905;733909085380974464.0000
906;733909085380974464.0000
907;733909085380974464.0000
908;733909085380974464.0000
909;733909085380974464.0000
910;733909085380974464.0000
911;733909085380974464.0000
912;733909085380974464.0000
913;733909085380974464.0000
914;733909085380974464.0000
915;733909085380974464.0000
916;733909085380974464.0000
917;733909085380974464.0000
918;733909085380974464.0000
919;733909085380974464.0000
920;733909085380974464.0000
921;733909085380974464.0000
922;733909085380974464.0000
923;733909085380974464.0000
924;733909085380974464.0000
925;807299993919072000.0000
926;807299993919072000.0000
927;807299993919072000.0000
928;807299993919072000.0000
929;807299993919072000.0000
930;807299993919072000.0000
931;807299993919072000.0000
932;807299993919072000.0000
933;807299993919072000.0000
934;807299993919072000.0000
935;807299993919072000.0000
936;807299993919072000.0000
937;807299993919072000.0000
938;807299993919072000.0000
939;807299993919072000.0000
940;807299993919072000.0000
941;807299993919072000.0000
942;807299993919072000.0000
943;807299993919072000.0000
944;807299993919072000.0000
945;807299993919072000.0000
946;807299993919072000.0000
947;807299993919072000.0000
948;807299993919072000.0000
949;807299993919072000.0000
950;807299993919072000.0000
951;807299993919072000.0000
952;807299993919072000.0000
953;807299993919072000.0000
954;807299993919072000.0000
955;807299993919072000.0000
956;807299993919072000.0000
957;807299993919072000.0000
958;807299993919072000.0000
959;807299993919072000.0000
960;807299993919072000.0000
961;807299993919072000.0000
962;807299993919072000.0000
963;807299993919072000.0000
964;807299993919072000.0000
965;807299993919072000.0000
966;888029993310979200.0000
967;888029993310979200.0000
968;888029993310979200.0000
969;888029993310979200.0000
970;888029993310979200.0000
971;888029993310979200.0000
972;888029993310979200.0000
973;888029993310979200.0000
974;888029993310979200.0000
975;888029993310979200.0000
976;888029993310979200.0000
977;888029993310979200.0000
978;888029993310979200.0000
979;888029993310979200.0000
980;888029993310979200.0000
981;888029993310979200.0000
982;888029993310979200.0000
983;888029993310979200.0000
984;888029993310979200.0000
985;888029993310979200.0000
986;888029993310979200.0000
987;888029993310979200.0000
988;888029993310979200.0000
989;888029993310979200.0000
990;888029993310979200.0000
991;888029993310979200.0000
992;888029993310979200.0000
993;888029993310979200.0000
994;888029993310979200.0000
995;888029993310979200.0000
996;888029993310979200.0000
997;888029993310979200.0000
998;888029993310979200.0000
999;888029993310979200.0000
1000;888029993310979200.0000
1001;888029993310979200.0000
1002;888029993310979200.0000
1003;888029993310979200.0000
1004;888029993310979200.0000
1005;888029993310979200.0000
1006;888029993310979200.0000
1007;976832992642077056.0000
1008;976832992642077056.0000
1009;976832992642077056.0000
1010;976832992642077056.0000
1011;976832992642077056.0000
1012;976832992642077056.0000
1013;976832992642077056.0000
1014;976832992642077056.0000
1015;976832992642077056.0000
1016;976832992642077056.0000
1017;976832992642077056.0000
1018;976832992642077056.0000
1019;976832992642077056.0000
1020;976832992642077056.0000
1021;976832992642077056.0000
1022;976832992642077056.0000
1023;976832992642077056.0000
1024;976832992642077056.0000
1025;976832992642077056.0000
1026;976832992642077056.0000
1027;976832992642077056.0000
1028;976832992642077056.0000
1029;976832992642077056.0000
1030;976832992642077056.0000
1031;976832992642077056.0000
1032;976832992642077056.0000
1033;976832992642077056.0000
1034;976832992642077056.0000
1035;976832992642077056.0000
1036;976832992642077056.0000
1037;976832992642077056.0000
1038;976832992642077056.0000
1039;976832992642077056.0000
1040;976832992642077056.0000
1041;976832992642077056.0000
1042;976832992642077056.0000
1043;976832992642077056.0000
1044;976832992642077056.0000
1045;976832992642077056.0000
1046;976832992642077056.0000
1047;976832992642077056.0000
1048;1074516291906284800.0000
1049;1074516291906284800.0000
1050;1074516291906284800.0000
1051;1074516291906284800.0000
1052;1074516291906284800.0000
1053;1074516291906284800.0000
1054;1074516291906284800.0000
1055;1074516291906284800.0000
1056;1074516291906284800.0000
1057;1074516291906284800.0000
1058;1074516291906284800.0000
1059;1074516291906284800.0000
1060;1074516291906284800.0000
1061;1074516291906284800.0000
1062;1074516291906284800.0000
1063;1074516291906284800.0000
1064;1074516291906284800.0000
1065;1074516291906284800.0000
1066;1074516291906284800.0000
1067;1074516291906284800.0000
1068;1074516291906284800.0000
1069;1074516291906284800.0000
1070;1074516291906284800.0000
1071;1074516291906284800.0000
1072;1074516291906284800.0000
1073;1074516291906284800.0000
1074;1074516291906284800.0000
1075;1074516291906284800.0000
1076;1074516291906284800.0000
1077;1074516291906284800.0000
1078;1074516291906284800.0000
1079;1074516291906284800.0000
1080;1074516291906284800.0000
1081;1074516291906284800.0000
1082;1074516291906284800.0000
1083;1074516291906284800.0000
1084;1074516291906284800.0000
1085;1074516291906284800.0000
1086;1074516291906284800.0000
1087;1074516291906284800.0000
1088;1181967921096913152.0000
1089;1181967921096913152.0000
1090;1181967921096913152.0000
1091;1181967921096913152.0000
1092;1181967921096913152.0000
1093;1181967921096913152.0000
1094;1181967921096913152.0000
1095;1181967921096913152.0000
1096;1181967921096913152.0000
1097;1181967921096913152.0000
1098;1181967921096913152.0000
1099;1181967921096913152.0000
1100;1181967921096913152.0000
1101;1181967921096913152.0000
1102;1181967921096913152.0000
1103;1181967921096913152.0000
1104;1181967921096913152.0000
1105;1181967921096913152.0000
1106;1181967921096913152.0000
1107;1181967921096913152.0000
1108;1181967921096913152.0000
1109;1181967921096913152.0000
1110;1181967921096913152.0000
1111;1181967921096913152.0000
1112;1181967921096913152.0000
1113;1181967921096913152.0000
1114;1181967921096913152.0000
1115;1181967921096913152.0000
1116;1181967921096913152.0000
1117;1181967921096913152.0000
1118;1181967921096913152.0000
1119;1181967921096913152.0000
1120;1181967921096913152.0000
1121;1181967921096913152.0000
1122;1181967921096913152.0000
1123;1181967921096913152.0000
1124;1181967921096913152.0000
1125;1181967921096913152.0000
1126;1181967921096913152.0000
1127;1181967921096913152.0000
1128;1300164713206604544.0000
1129;1300164713206604544.0000
1130;1300164713206604544.0000
1131;1300164713206604544.0000
1132;1300164713206604544.0000
1133;1300164713206604544.0000
1134;1300164713206604544.0000
1135;1300164713206604544.0000
1136;1300164713206604544.0000
1137;1300164713206604544.0000
1138;1300164713206604544.0000
1139;1300164713206604544.0000
1140;1300164713206604544.0000
1141;1300164713206604544.0000
1142;1300164713206604544.0000
1143;1300164713206604544.0000
1144;1300164713206604544.0000
1145;1300164713206604544.0000
1146;1300164713206604544.0000
1147;1300164713206604544.0000
1148;1300164713206604544.0000
1149;1300164713206604544.0000
1150;1300164713206604544.0000
1151;1300164713206604544.0000
1152;1300164713206604544.0000
1153;1300164713206604544.0000
1154;1300164713206604544.0000
1155;1300164713206604544.0000
1156;1300164713206604544.0000
1157;1300164713206604544.0000
1158;1300164713206604544.0000
1159;1300164713206604544.0000
1160;1300164713206604544.0000
1161;1300164713206604544.0000
1162;1300164713206604544.0000
1163;1300164713206604544.0000
1164;1300164713206604544.0000
1165;1300164713206604544.0000
1166;1300164713206604544.0000
1167;1430181184527265024.0000
1168;1430181184527265024.0000
1169;1430181184527265024.0000
1170;1430181184527265024.0000
1171;1430181184527265024.0000
1172;1430181184527265024.0000
1173;1430181184527265024.0000
1174;1430181184527265024.0000
1175;1430181184527265024.0000
1176;1430181184527265024.0000
1177;1430181184527265024.0000
1178;1430181184527265024.0000
1179;1430181184527265024.0000
1180;1430181184527265024.0000
1181;1430181184527265024.0000
1182;1430181184527265024.0000
1183;1430181184527265024.0000
1184;1430181184527265024.0000
1185;1430181184527265024.0000
1186;1430181184527265024.0000
1187;1430181184527265024.0000
1188;1430181184527265024.0000
1189;1430181184527265024.0000
1190;1430181184527265024.0000
1191;1430181184527265024.0000
1192;1430181184527265024.0000
1193;1430181184527265024.0000
1194;1430181184527265024.0000
1195;1430181184527265024.0000
1196;1430181184527265024.0000
1197;1430181184527265024.0000
1198;1430181184527265024.0000
1199;1430181184527265024.0000
1200;1430181184527265024.0000
1201;1430181184527265024.0000
1202;1430181184527265024.0000
1203;1430181184527265024.0000
1204;1430181184527265024.0000
1205;1430181184527265024.0000
1206;1573199302979991552.0000
1207;1573199302979991552.0000
1208;1573199302979991552.0000
1209;1573199302979991552.0000
1210;1573199302979991552.0000
1211;1573199302979991552.0000
1212;1573199302979991552.0000
1213;1573199302979991552.0000
1214;1573199302979991552.0000
1215;1573199302979991552.0000
1216;1573199302979991552.0000
1217;1573199302979991552.0000
1218;1573199302979991552.0000
1219;1573199302979991552.0000
1220;1573199302979991552.0000
1221;1573199302979991552.0000
1222;1573199302979991552.0000
1223;1573199302979991552.0000
1224;1573199302979991552.0000
1225;1573199302979991552.0000
1226;1573199302979991552.0000
1227;1573199302979991552.0000
1228;1573199302979991552.0000
1229;1573199302979991552.0000
1230;1573199302979991552.0000
1231;1573199302979991552.0000
1232;1573199302979991552.0000
1233;1573199302979991552.0000
1234;1573199302979991552.0000
1235;1573199302979991552.0000
1236;1573199302979991552.0000
1237;1573199302979991552.0000
1238;1573199302979991552.0000
1239;1573199302979991552.0000
1240;1573199302979991552.0000
1241;1573199302979991552.0000
1242;1573199302979991552.0000
1243;1573199302979991552.0000
1244;1573199302979991552.0000
1245;1730519233277990656.0000
1246;1730519233277990656.0000
1247;1730519233277990656.0000
1248;1730519233277990656.0000
1249;1730519233277990656.0000
1250;1730519233277990656.0000
1251;1730519233277990656.0000
1252;1730519233277990656.0000
1253;1730519233277990656.0000
1254;1730519233277990656.0000
1255;1730519233277990656.0000
1256;1730519233277990656.0000
1257;1730519233277990656.0000
1258;1730519233277990656.0000
1259;1730519233277990656.0000
1260;1730519233277990656.0000
1261;1730519233277990656.0000
1262;1730519233277990656.0000
1263;1730519233277990656.0000
1264;1730519233277990656.0000
1265;1730519233277990656.0000
1266;1730519233277990656.0000
1267;1730519233277990656.0000
1268;1730519233277990656.0000
1269;1730519233277990656.0000
1270;1730519233277990656.0000
1271;1730519233277990656.0000
1272;1730519233277990656.0000
1273;1730519233277990656.0000
1274;1730519233277990656.0000
1275;1730519233277990656.0000
1276;1730519233277990656.0000
1277;1730519233277990656.0000
1278;1730519233277990656.0000
1279;1730519233277990656.0000
1280;1730519233277990656.0000
1281;1730519233277990656.0000
1282;1730519233277990656.0000
1283;1903571156605789696.0000
1284;1903571156605789696.0000
1285;1903571156605789696.0000
1286;1903571156605789696.0000
1287;1903571156605789696.0000
1288;1903571156605789696.0000
1289;1903571156605789696.0000
1290;1903571156605789696.0000
1291;1903571156605789696.0000
1292;1903571156605789696.0000
1293;1903571156605789696.0000
1294;1903571156605789696.0000
1295;1903571156605789696.0000
1296;1903571156605789696.0000
1297;1903571156605789696.0000
1298;1903571156605789696.0000
1299;1903571156605789696.0000
1300;1903571156605789696.0000
1301;1903571156605789696.0000
1302;1903571156605789696.0000
1303;1903571156605789696.0000
1304;1903571156605789696.0000
1305;1903571156605789696.0000
1306;1903571156605789696.0000
1307;1903571156605789696.0000
1308;1903571156605789696.0000
1309;1903571156605789696.0000
1310;1903571156605789696.0000
1311;1903571156605789696.0000
1312;1903571156605789696.0000
1313;1903571156605789696.0000
1314;1903571156605789696.0000
1315;1903571156605789696.0000
1316;1903571156605789696.0000
1317;1903571156605789696.0000
1318;1903571156605789696.0000
1319;1903571156605789696.0000
1320;1903571156605789696.0000
1321;2093928272266368768.0000
1322;2093928272266368768.0000
1323;2093928272266368768.0000
1324;2093928272266368768.0000
1325;2093928272266368768.0000
1326;2093928272266368768.0000
1327;2093928272266368768.0000
1328;2093928272266368768.0000
1329;2093928272266368768.0000
1330;2093928272266368768.0000
1331;2093928272266368768.0000
1332;2093928272266368768.0000
1333;2093928272266368768.0000
1334;2093928272266368768.0000
1335;2093928272266368768.0000
1336;2093928272266368768.0000
1337;2093928272266368768.0000
1338;2093928272266368768.0000
1339;2093928272266368768.0000
1340;2093928272266368768.0000
1341;2093928272266368768.0000
1342;2093928272266368768.0000
1343;2093928272266368768.0000
1344;2093928272266368768.0000
1345;2093928272266368768.0000
1346;2093928272266368768.0000
1347;2093928272266368768.0000
1348;2093928272266368768.0000
1349;2093928272266368768.0000
1350;2093928272266368768.0000
1351;2093928272266368768.0000
1352;2093928272266368768.0000
1353;2093928272266368768.0000
1354;2093928272266368768.0000
1355;2093928272266368768.0000
1356;2093928272266368768.0000
1357;2093928272266368768.0000
1358;2093928272266368768.0000
1359;2303321099493005568.0000
1360;2303321099493005568.0000
1361;2303321099493005568.0000
1362;2303321099493005568.0000
1363;2303321099493005568.0000
1364;2303321099493005568.0000
1365;2303321099493005568.0000
1366;2303321099493005568.0000
1367;2303321099493005568.0000
1368;2303321099493005568.0000
1369;2303321099493005568.0000
1370;2303321099493005568.0000
1371;2303321099493005568.0000
1372;2303321099493005568.0000
1373;2303321099493005568.0000
1374;2303321099493005568.0000
1375;2303321099493005568.0000
1376;2303321099493005568.0000
1377;2303321099493005568.0000
1378;2303321099493005568.0000
1379;2303321099493005568.0000
1380;2303321099493005568.0000
1381;2303321099493005568.0000
1382;2303321099493005568.0000
1383;2303321099493005568.0000
1384;2303321099493005568.0000
1385;2303321099493005568.0000
1386;2303321099493005568.0000
1387;2303321099493005568.0000
1388;2303321099493005568.0000
1389;2303321099493005568.0000
1390;2303321099493005568.0000
1391;2303321099493005568.0000
1392;2303321099493005568.0000
1393;2303321099493005568.0000
1394;2303321099493005568.0000
1395;2303321099493005568.0000
1396;2533653209442306048.0000
1397;2533653209442306048.0000
1398;2533653209442306048.0000
1399;2533653209442306048.0000
1400;2533653209442306048.0000
1401;2533653209442306048.0000
1402;2533653209442306048.0000
1403;2533653209442306048.0000
1404;2533653209442306048.0000
1405;2533653209442306048.0000
1406;2533653209442306048.0000
1407;2533653209442306048.0000
1408;2533653209442306048.0000
1409;2533653209442306048.0000
1410;2533653209442306048.0000
1411;2533653209442306048.0000
1412;2533653209442306048.0000
1413;2533653209442306048.0000
1414;2533653209442306048.0000
1415;2533653209442306048.0000
1416;2533653209442306048.0000
1417;2533653209442306048.0000
1418;2533653209442306048.0000
1419;2533653209442306048.0000
1420;2533653209442306048.0000
1421;2533653209442306048.0000
1422;2533653209442306048.0000
1423;2533653209442306048.0000
1424;2533653209442306048.0000
1425;2533653209442306048.0000
1426;2533653209442306048.0000
1427;2533653209442306048.0000
1428;2533653209442306048.0000
1429;2533653209442306048.0000
1430;2533653209442306048.0000
1431;2533653209442306048.0000
1432;2533653209442306048.0000
1433;2787018530386536960.0000
1434;2787018530386536960.0000
1435;2787018530386536960.0000
1436;2787018530386536960.0000
1437;2787018530386536960.0000
1438;2787018530386536960.0000
1439;2787018530386536960.0000
1440;2787018530386536960.0000
1441;2787018530386536960.0000
1442;2787018530386536960.0000
1443;2787018530386536960.0000
1444;2787018530386536960.0000
1445;2787018530386536960.0000
1446;2787018530386536960.0000
1447;2787018530386536960.0000
1448;2787018530386536960.0000
1449;2787018530386536960.0000
1450;2787018530386536960.0000
1451;2787018530386536960.0000
1452;2787018530386536960.0000
1453;2787018530386536960.0000
1454;2787018530386536960.0000
1455;2787018530386536960.0000
1456;2787018530386536960.0000
1457;2787018530386536960.0000
1458;2787018530386536960.0000
1459;2787018530386536960.0000
1460;2787018530386536960.0000
1461;2787018530386536960.0000
1462;2787018530386536960.0000
1463;2787018530386536960.0000
1464;2787018530386536960.0000
1465;2787018530386536960.0000
1466;2787018530386536960.0000
1467;2787018530386536960.0000
1468;2787018530386536960.0000
1469;2787018530386536960.0000
1470;3065720383425190400.0000
1471;3065720383425190400.0000
1472;3065720383425190400.0000
1473;3065720383425190400.0000
1474;3065720383425190400.0000
1475;3065720383425190400.0000
1476;3065720383425190400.0000
1477;3065720383425190400.0000
1478;3065720383425190400.0000
1479;3065720383425190400.0000
1480;3065720383425190400.0000
1481;3065720383425190400.0000
1482;3065720383425190400.0000
1483;3065720383425190400.0000
1484;3065720383425190400.0000
1485;3065720383425190400.0000
1486;3065720383425190400.0000
1487;3065720383425190400.0000
1488;3065720383425190400.0000
1489;3065720383425190400.0000
1490;3065720383425190400.0000
1491;3065720383425190400.0000
1492;3065720383425190400.0000
1493;3065720383425190400.0000
1494;3065720383425190400.0000
1495;3065720383425190400.0000
1496;3065720383425190400.0000
1497;3065720383425190400.0000
1498;3065720383425190400.0000
1499;3065720383425190400.0000
1500;3065720383425190400.0000
1501;3065720383425190400.0000
1502;3065720383425190400.0000
1503;3065720383425190400.0000
1504;3065720383425190400.0000
1505;3065720383425190400.0000
1506;3372292421767709696.0000
1507;3372292421767709696.0000
1508;3372292421767709696.0000
1509;3372292421767709696.0000
1510;3372292421767709696.0000
1511;3372292421767709696.0000
1512;3372292421767709696.0000
1513;3372292421767709696.0000
1514;3372292421767709696.0000
1515;3372292421767709696.0000
1516;3372292421767709696.0000
1517;3372292421767709696.0000
1518;3372292421767709696.0000
1519;3372292421767709696.0000
1520;3372292421767709696.0000
1521;3372292421767709696.0000
1522;3372292421767709696.0000
1523;3372292421767709696.0000
1524;3372292421767709696.0000
1525;3372292421767709696.0000
1526;3372292421767709696.0000
1527;3372292421767709696.0000
1528;3372292421767709696.0000
1529;3372292421767709696.0000
1530;3372292421767709696.0000
1531;3372292421767709696.0000
1532;3372292421767709696.0000
1533;3372292421767709696.0000
1534;3372292421767709696.0000
1535;3372292421767709696.0000
1536;3372292421767709696.0000
1537;3372292421767709696.0000
1538;3372292421767709696.0000
1539;3372292421767709696.0000
1540;3372292421767709696.0000
1541;3372292421767709696.0000
1542;3709521663944480768.0000
1543;3709521663944480768.0000
1544;3709521663944480768.0000
1545;3709521663944480768.0000
1546;3709521663944480768.0000
1547;3709521663944480768.0000
1548;3709521663944480768.0000
1549;3709521663944480768.0000
1550;3709521663944480768.0000
1551;3709521663944480768.0000
1552;3709521663944480768.0000
1553;3709521663944480768.0000
1554;3709521663944480768.0000
1555;3709521663944480768.0000
1556;3709521663944480768.0000
1557;3709521663944480768.0000
1558;3709521663944480768.0000
1559;3709521663944480768.0000
1560;3709521663944480768.0000
1561;3709521663944480768.0000
1562;3709521663944480768.0000
1563;3709521663944480768.0000
1564;3709521663944480768.0000
1565;3709521663944480768.0000
1566;3709521663944480768.0000
1567;3709521663944480768.0000
1568;3709521663944480768.0000
1569;3709521663944480768.0000
1570;3709521663944480768.0000
1571;3709521663944480768.0000
1572;3709521663944480768.0000
1573;3709521663944480768.0000
1574;3709521663944480768.0000
1575;3709521663944480768.0000
1576;3709521663944480768.0000
1577;4080473830338928640.0000
1578;4080473830338928640.0000
1579;4080473830338928640.0000
1580;4080473830338928640.0000
1581;4080473830338928640.0000
1582;4080473830338928640.0000
1583;4080473830338928640.0000
1584;4080473830338928640.0000
1585;4080473830338928640.0000
1586;4080473830338928640.0000
1587;4080473830338928640.0000
1588;4080473830338928640.0000
1589;4080473830338928640.0000
1590;4080473830338928640.0000
1591;4080473830338928640.0000
1592;4080473830338928640.0000
1593;4080473830338928640.0000
1594;4080473830338928640.0000
1595;4080473830338928640.0000
1596;4080473830338928640.0000
1597;4080473830338928640.0000
1598;4080473830338928640.0000
1599;4080473830338928640.0000
1600;4080473830338928640.0000
1601;4080473830338928640.0000
1602;4080473830338928640.0000
1603;4080473830338928640.0000
1604;4080473830338928640.0000
1605;4080473830338928640.0000
1606;4080473830338928640.0000
1607;4080473830338928640.0000
1608;4080473830338928640.0000
1609;4080473830338928640.0000
1610;4080473830338928640.0000
1611;4080473830338928640.0000
1612;4488521213372821504.0000
1613;4488521213372821504.0000
1614;4488521213372821504.0000
1615;4488521213372821504.0000
1616;4488521213372821504.0000
1617;4488521213372821504.0000
1618;4488521213372821504.0000
1619;4488521213372821504.0000
1620;4488521213372821504.0000
1621;4488521213372821504.0000
1622;4488521213372821504.0000
1623;4488521213372821504.0000
1624;4488521213372821504.0000
1625;4488521213372821504.0000
1626;4488521213372821504.0000
1627;4488521213372821504.0000
1628;4488521213372821504.0000
1629;4488521213372821504.0000
1630;4488521213372821504.0000
1631;4488521213372821504.0000
1632;4488521213372821504.0000
1633;4488521213372821504.0000
1634;4488521213372821504.0000
1635;4488521213372821504.0000
1636;4488521213372821504.0000
1637;4488521213372821504.0000
1638;4488521213372821504.0000
1639;4488521213372821504.0000
1640;4488521213372821504.0000
1641;4488521213372821504.0000
1642;4488521213372821504.0000
1643;4488521213372821504.0000
1644;4488521213372821504.0000
1645;4488521213372821504.0000
1646;4488521213372821504.0000
1647;4937373334710104064.0000
1648;4937373334710104064.0000
1649;4937373334710104064.0000
1650;4937373334710104064.0000
1651;4937373334710104064.0000
1652;4937373334710104064.0000
1653;4937373334710104064.0000
1654;4937373334710104064.0000
1655;4937373334710104064.0000
1656;4937373334710104064.0000
1657;4937373334710104064.0000
1658;4937373334710104064.0000
1659;4937373334710104064.0000
1660;4937373334710104064.0000
1661;4937373334710104064.0000
1662;4937373334710104064.0000
1663;4937373334710104064.0000
1664;4937373334710104064.0000
1665;4937373334710104064.0000
1666;4937373334710104064.0000
1667;4937373334710104064.0000
1668;4937373334710104064.0000
1669;4937373334710104064.0000
1670;4937373334710104064.0000
1671;4937373334710104064.0000
1672;4937373334710104064.0000
1673;4937373334710104064.0000
1674;4937373334710104064.0000
1675;4937373334710104064.0000
1676;4937373334710104064.0000
1677;4937373334710104064.0000
1678;4937373334710104064.0000
1679;4937373334710104064.0000
1680;4937373334710104064.0000
1681;5431110668181113856.0000
1682;5431110668181113856.0000
1683;5431110668181113856.0000
1684;5431110668181113856.0000
1685;5431110668181113856.0000
1686;5431110668181113856.0000
1687;5431110668181113856.0000
1688;5431110668181113856.0000
1689;5431110668181113856.0000
1690;5431110668181113856.0000
1691;5431110668181113856.0000
1692;5431110668181113856.0000
1693;5431110668181113856.0000
1694;5431110668181113856.0000
1695;5431110668181113856.0000
1696;5431110668181113856.0000
1697;5431110668181113856.0000
1698;5431110668181113856.0000
1699;5431110668181113856.0000
1700;5431110668181113856.0000
1701;5431110668181113856.0000
1702;5431110668181113856.0000
1703;5431110668181113856.0000
1704;5431110668181113856.0000
1705;5431110668181113856.0000
1706;5431110668181113856.0000
1707;5431110668181113856.0000
1708;5431110668181113856.0000
1709;5431110668181113856.0000
1710;5431110668181113856.0000
1711;5431110668181113856.0000
1712;5431110668181113856.0000
1713;5431110668181113856.0000
1714;5431110668181113856.0000
1715;5974221734999225344.0000
1716;5974221734999225344.0000
1717;5974221734999225344.0000
1718;5974221734999225344.0000
1719;5974221734999225344.0000
1720;5974221734999225344.0000
1721;5974221734999225344.0000
1722;5974221734999225344.0000
1723;5974221734999225344.0000
1724;5974221734999225344.0000
1725;5974221734999225344.0000
1726;5974221734999225344.0000
1727;5974221734999225344.0000
1728;5974221734999225344.0000
1729;5974221734999225344.0000
1730;5974221734999225344.0000
1731;5974221734999225344.0000
1732;5974221734999225344.0000
1733;5974221734999225344.0000
1734;5974221734999225344.0000
1735;5974221734999225344.0000
1736;5974221734999225344.0000
1737;5974221734999225344.0000
1738;5974221734999225344.0000
1739;5974221734999225344.0000
1740;5974221734999225344.0000
1741;5974221734999225344.0000
1742;5974221734999225344.0000
1743;5974221734999225344.0000
1744;5974221734999225344.0000
1745;5974221734999225344.0000
1746;5974221734999225344.0000
1747;5974221734999225344.0000
1748;5974221734999225344.0000
1749;6571643908499147776.0000
1750;6571643908499147776.0000
1751;6571643908499147776.0000
1752;6571643908499147776.0000
1753;6571643908499147776.0000
1754;6571643908499147776.0000
1755;6571643908499147776.0000
1756;6571643908499147776.0000
1757;6571643908499147776.0000
1758;6571643908499147776.0000
1759;6571643908499147776.0000
1760;6571643908499147776.0000
1761;6571643908499147776.0000
1762;6571643908499147776.0000
1763;6571643908499147776.0000
1764;6571643908499147776.0000
1765;6571643908499147776.0000
1766;6571643908499147776.0000
1767;6571643908499147776.0000
1768;6571643908499147776.0000
1769;6571643908499147776.0000
1770;6571643908499147776.0000
1771;6571643908499147776.0000
1772;6571643908499147776.0000
1773;6571643908499147776.0000
1774;6571643908499147776.0000
1775;6571643908499147776.0000
1776;6571643908499147776.0000
1777;6571643908499147776.0000
1778;6571643908499147776.0000
1779;6571643908499147776.0000
1780;6571643908499147776.0000
1781;6571643908499147776.0000
1782;7228808299349062656.0000
1783;7228808299349062656.0000
1784;7228808299349062656.0000
1785;7228808299349062656.0000
1786;7228808299349062656.0000
1787;7228808299349062656.0000
1788;7228808299349062656.0000
1789;7228808299349062656.0000
1790;7228808299349062656.0000
1791;7228808299349062656.0000
1792;7228808299349062656.0000
1793;7228808299349062656.0000
1794;7228808299349062656.0000
1795;7228808299349062656.0000
1796;7228808299349062656.0000
1797;7228808299349062656.0000
1798;7228808299349062656.0000
1799;7228808299349062656.0000
1800;7228808299349062656.0000
1801;7228808299349062656.0000
1802;7228808299349062656.0000
1803;7228808299349062656.0000
1804;7228808299349062656.0000
1805;7228808299349062656.0000
1806;7228808299349062656.0000
1807;7228808299349062656.0000
1808;7228808299349062656.0000
1809;7228808299349062656.0000
1810;7228808299349062656.0000
1811;7228808299349062656.0000
1812;7228808299349062656.0000
1813;7228808299349062656.0000
1814;7228808299349062656.0000
1815;7951689129283969024.0000
1816;7951689129283969024.0000
1817;7951689129283969024.0000
1818;7951689129283969024.0000
1819;7951689129283969024.0000
1820;7951689129283969024.0000
1821;7951689129283969024.0000
1822;7951689129283969024.0000
1823;7951689129283969024.0000
1824;7951689129283969024.0000
1825;7951689129283969024.0000
1826;7951689129283969024.0000
1827;7951689129283969024.0000
1828;7951689129283969024.0000
1829;7951689129283969024.0000
1830;7951689129283969024.0000
1831;7951689129283969024.0000
1832;7951689129283969024.0000
1833;7951689129283969024.0000
1834;7951689129283969024.0000
1835;7951689129283969024.0000
1836;7951689129283969024.0000
1837;7951689129283969024.0000
1838;7951689129283969024.0000
1839;7951689129283969024.0000
1840;7951689129283969024.0000
1841;7951689129283969024.0000
1842;7951689129283969024.0000
1843;7951689129283969024.0000
1844;7951689129283969024.0000
1845;7951689129283969024.0000
1846;7951689129283969024.0000
1847;7951689129283969024.0000
1848;8746858042212365312.0000
1849;8746858042212365312.0000
1850;8746858042212365312.0000
1851;8746858042212365312.0000
1852;8746858042212365312.0000
1853;8746858042212365312.0000
1854;8746858042212365312.0000
1855;8746858042212365312.0000
1856;8746858042212365312.0000
1857;8746858042212365312.0000
1858;8746858042212365312.0000
1859;8746858042212365312.0000
1860;8746858042212365312.0000
1861;8746858042212365312.0000
1862;8746858042212365312.0000
1863;8746858042212365312.0000
1864;8746858042212365312.0000
1865;8746858042212365312.0000
1866;8746858042212365312.0000
1867;8746858042212365312.0000
1868;8746858042212365312.0000
1869;8746858042212365312.0000
1870;8746858042212365312.0000
1871;8746858042212365312.0000
1872;8746858042212365312.0000
1873;8746858042212365312.0000
1874;8746858042212365312.0000
1875;8746858042212365312.0000
1876;8746858042212365312.0000
1877;8746858042212365312.0000
1878;8746858042212365312.0000
1879;8746858042212365312.0000
1880;9621543846433601536.0000
1881;9621543846433601536.0000
1882;9621543846433601536.0000
1883;9621543846433601536.0000
1884;9621543846433601536.0000
1885;9621543846433601536.0000
1886;9621543846433601536.0000
1887;9621543846433601536.0000
1888;9621543846433601536.0000
1889;9621543846433601536.0000
1890;9621543846433601536.0000
1891;9621543846433601536.0000
1892;9621543846433601536.0000
1893;9621543846433601536.0000
1894;9621543846433601536.0000
1895;9621543846433601536.0000
1896;9621543846433601536.0000
1897;9621543846433601536.0000
1898;9621543846433601536.0000
1899;9621543846433601536.0000
1900;9621543846433601536.0000
1901;9621543846433601536.0000
1902;9621543846433601536.0000
1903;9621543846433601536.0000
1904;9621543846433601536.0000
1905;9621543846433601536.0000
1906;9621543846433601536.0000
1907;9621543846433601536.0000
1908;9621543846433601536.0000
1909;9621543846433601536.0000
1910;9621543846433601536.0000
1911;9621543846433601536.0000
1912;10583698231076962304.0000
1913;10583698231076962304.0000
1914;10583698231076962304.0000
1915;10583698231076962304.0000
1916;10583698231076962304.0000
1917;10583698231076962304.0000
1918;10583698231076962304.0000
1919;10583698231076962304.0000
1920;10583698231076962304.0000
1921;10583698231076962304.0000
1922;10583698231076962304.0000
1923;10583698231076962304.0000
1924;10583698231076962304.0000
1925;10583698231076962304.0000
1926;10583698231076962304.0000
1927;10583698231076962304.0000
1928;10583698231076962304.0000
1929;10583698231076962304.0000
1930;10583698231076962304.0000
1931;10583698231076962304.0000
1932;10583698231076962304.0000
1933;10583698231076962304.0000
1934;10583698231076962304.0000
1935;10583698231076962304.0000
1936;10583698231076962304.0000
1937;10583698231076962304.0000
1938;10583698231076962304.0000
1939;10583698231076962304.0000
1940;10583698231076962304.0000
1941;10583698231076962304.0000
1942;10583698231076962304.0000
1943;10583698231076962304.0000
1944;11642068054184658944.0000
1945;11642068054184658944.0000
1946;11642068054184658944.0000
1947;11642068054184658944.0000
1948;11642068054184658944.0000
1949;11642068054184658944.0000
1950;11642068054184658944.0000
1951;11642068054184658944.0000
1952;11642068054184658944.0000
1953;11642068054184658944.0000
1954;11642068054184658944.0000
1955;11642068054184658944.0000
1956;11642068054184658944.0000
1957;11642068054184658944.0000
1958;11642068054184658944.0000
1959;11642068054184658944.0000
1960;11642068054184658944.0000
1961;11642068054184658944.0000
1962;11642068054184658944.0000
1963;11642068054184658944.0000
1964;11642068054184658944.0000
1965;11642068054184658944.0000
1966;11642068054184658944.0000
1967;11642068054184658944.0000
1968;11642068054184658944.0000
1969;11642068054184658944.0000
1970;11642068054184658944.0000
1971;11642068054184658944.0000
1972;11642068054184658944.0000
1973;11642068054184658944.0000
1974;11642068054184658944.0000
1975;11642068054184658944.0000
1976;12806274859603124224.0000
1977;12806274859603124224.0000
1978;12806274859603124224.0000
1979;12806274859603124224.0000
1980;12806274859603124224.0000
1981;12806274859603124224.0000
1982;12806274859603124224.0000
1983;12806274859603124224.0000
1984;12806274859603124224.0000
1985;12806274859603124224.0000
1986;12806274859603124224.0000
1987;12806274859603124224.0000
1988;12806274859603124224.0000
1989;12806274859603124224.0000
1990;12806274859603124224.0000
1991;12806274859603124224.0000
1992;12806274859603124224.0000
1993;12806274859603124224.0000
1994;12806274859603124224.0000
1995;12806274859603124224.0000
1996;12806274859603124224.0000
1997;12806274859603124224.0000
1998;12806274859603124224.0000
1999;12806274859603124224.0000
2000;12806274859603124224.0000
2001;12806274859603124224.0000
2002;12806274859603124224.0000
2003;12806274859603124224.0000
2004;12806274859603124224.0000
2005;12806274859603124224.0000
2006;12806274859603124224.0000
2007;14086902345563437056.0000
2008;14086902345563437056.0000
2009;14086902345563437056.0000
